Luxor sorsolás eredménye: 2020 December 31 15:12:34 [2, 8, 11, 15, 19, 23, 25, 28, 33, 35, 39, 40, 46, 50, 58, 59, 62, 63, 65, 68]
Luxor sorsolás eredménye: 2020 December 31 15:12:39 [1, 6, 13, 14, 16, 22, 26, 28, 33, 35, 38, 45, 52, 57, 59, 60, 63, 64, 67, 69]
Luxor sorsolás eredménye: 2020 December 31 15:14:00 [2, 6, 7, 9, 19, 24, 25, 29, 31, 41, 42, 45, 48, 50, 51, 52, 64, 67, 68, 71]
Luxor sorsolás eredménye: 2020 December 31 15:47:59 [2, 8, 10, 15, 18, 22, 29, 30, 33, 35, 37, 44, 46, 48, 52, 60, 65, 69, 73, 75]
Luxor sorsolás eredménye: 2020 December 31 15:57:14 [1, 9, 13, 15, 16, 23, 26, 28, 36, 37, 42, 44, 46, 47, 55, 59, 61, 62, 65, 69]
Luxor sorsolás eredménye: 2020 December 31 16:32:28 [2, 5, 6, 14, 18, 22, 27, 28, 36, 37, 41, 43, 52, 54, 55, 57, 64, 66, 67, 72]
Luxor sorsolás eredménye: 2020 December 31 16:33:02 [7, 8, 11, 12, 18, 19, 23, 26, 34, 38, 42, 43, 46, 47, 49, 51, 67, 68, 71, 75]
Luxor sorsolás eredménye: 2020 December 31 16:57:52 [4, 6, 9, 15, 22, 25, 27, 29, 34, 35, 38, 41, 51, 52, 54, 57, 61, 70, 72, 75]
Luxor sorsolás eredménye: 2020 December 31 17:00:39 [3, 4, 7, 11, 18, 23, 27, 29, 35, 40, 41, 42, 46, 47, 51, 57, 62, 71, 72, 74]
Luxor sorsolás eredménye: 2020 December 31 17:04:16 [1, 4, 5, 12, 18, 19, 20, 26, 33, 34, 37, 39, 51, 54, 55, 58, 65, 69, 71, 74]
Luxor sorsolás eredménye: 2020 December 31 17:19:33 [2, 6, 8, 15, 18, 20, 28, 30, 32, 40, 42, 44, 48, 49, 50, 52, 64, 68, 69, 72]
Luxor sorsolás eredménye: 2020 December 31 17:19:56 [1, 3, 6, 13, 16, 23, 24, 28, 31, 33, 34, 43, 47, 53, 55, 57, 61, 67, 71, 73]
Luxor sorsolás eredménye: 2020 December 31 17:20:45 [4, 5, 7, 15, 19, 20, 25, 27, 35, 36, 40, 44, 50, 53, 54, 58, 64, 65, 67, 69]
Luxor sorsolás eredménye: 2020 December 31 17:23:59 [2, 11, 12, 14, 16, 22, 25, 26, 35, 39, 40, 41, 49, 52, 55, 57, 62, 65, 68, 70]
Luxor sorsolás eredménye: 2020 December 31 17:38:36 [4, 5, 10, 12, 18, 19, 20, 22, 33, 38, 41, 42, 46, 56, 59, 60, 62, 65, 66, 67]
Luxor sorsolás eredménye: 2020 December 31 17:45:06 [5, 7, 9, 12, 16, 18, 21, 24, 31, 34, 36, 41, 48, 49, 53, 55, 61, 64, 68, 75]
Luxor sorsolás eredménye: 2020 December 31 17:45:29 [3, 7, 9, 15, 17, 20, 26, 28, 33, 35, 39, 40, 48, 51, 52, 53, 65, 69, 70, 73]
Luxor sorsolás eredménye: 2020 December 31 17:48:52 [1, 10, 11, 15, 23, 25, 27, 30, 35, 38, 39, 40, 49, 52, 55, 59, 64, 67, 74, 75]
Luxor sorsolás eredménye: 2020 December 31 17:52:40 [1, 9, 13, 15, 16, 20, 26, 28, 33, 37, 40, 44, 46, 47, 50, 53, 65, 66, 69, 72]
Luxor sorsolás eredménye: 2020 December 31 17:57:19 [1, 4, 12, 15, 17, 18, 23, 26, 31, 35, 41, 45, 47, 48, 49, 52, 62, 63, 64, 68]
Luxor sorsolás eredménye: 2020 December 31 18:09:27 [4, 5, 9, 11, 17, 23, 29, 30, 33, 36, 38, 41, 53, 56, 58, 60, 64, 67, 68, 75]
Luxor sorsolás eredménye: 2020 December 31 18:09:48 [3, 10, 11, 13, 18, 22, 25, 27, 31, 34, 35, 39, 49, 53, 54, 56, 65, 68, 73, 75]
Luxor sorsolás eredménye: 2020 December 31 18:16:59 [3, 7, 11, 14, 18, 22, 24, 28, 32, 41, 42, 43, 46, 48, 56, 60, 62, 65, 74, 75]
